global-spawn:
  world: world
  x: -3.729297626581617
  y: 64.0
  z: 7.529488525170419
  yaw: 117.15
  pitch: 5.4000154
prize-pool: 500 EGP
